6.329885396142503e-16 -0.39652579285907225 -0.31722063428725755 -0.2379154757154433 -0.07930515857181467 -0.23791547571544303 -0.39652579285907186 -0.47583095143088705 3.6329882198367884e-17 -0.23791547571544325 -0.3965257928590719 -0.15861031714362883
0.5538523373387201 -0.010450044100730497 -0.4145184159956452 0.28911788678687855 -0.14978396544380476 -0.2647344505518404 -0.19506748988030367 0.20900088201461106 -2.95182167983341e-16 -0.2647344505518406 0.3587848474584155 0.25428440645111006
-0.4576537644427894 0.16807810008797922 -0.16371117485474682 -0.2337760641523916 -0.4781297916475031 -0.22882688222139494 -0.041534311107191316 0.01863221432845994 -0.5432454990141508 0.04279586728568055 0.31568017297124573 0.03474131629994061
-0.006789746418932662 -0.13381932529007384 -0.3880808156451671 -0.3320392580782689 0.656296065141307 -0.07779901428187137 0.3268188151716267 -0.05169287730705416 -0.14948424958147272 -0.003056889491135147 0.35824509044388997 -0.1556764773958507
0.21829478023508786 0.49578013304648294 0.28615190212179914 -0.20363225249297365 0.1978604556602702 -0.4800817205559932 0.16412559246999667 -0.18769603366067053 -0.1806909348121533 -0.22349987671192648 -0.279347778337062 0.3012799756010749
-0.2307610773019408 0.12221836259702268 0.21622452880048146 -0.11772546554310792 0.014999897236695923 -0.20169602145889295 -0.12363025651193241 0.303109261197451 0.34622034225982873 -0.6011166774196333 0.1946970391365886 -0.45168240623341055
-0.12657070630979603 -0.041064382037290216 0.31359365946593 0.29790176209598024 0.3600781001117529 0.2613912614646063 -0.45642854563930063 -0.2733440396060722 -0.38468553324644333 -0.2688211997548975 0.271294831911297 0.14259325353518076
-0.010484220477791666 0.5094497954755224 -0.3582000477279178 0.24187172457418135 -0.14534043818710166 0.3541353718352165 0.2501373895701603 -0.46795611121733727 0.0823424918206386 -0.2560974969064378 0.005777070914008569 -0.23033639095226965
0.33056823531169954 -0.3944440824971433 0.2943641146602958 -0.23936490144592118 -0.3147636274997747 0.2857011822728681 0.43026850462463434 -0.06669772964829904 -0.24861883547944721 -0.3903406690511165 0.08159295680277134 -0.00879009161520895
0.09826350219826449 0.26603329240860824 -0.14736464674736235 -0.6194311537040533 0.010762215075925157 0.49320356396437876 -0.3510562787676865 0.17693959687034846 0.1325678707938353 -0.07564980439476235 -0.01228948234033141 0.3046266582958965
-0.20933067823976695 -0.04264694290612687 -0.2849072547845319 0.21916993584889843 0.1494752113495771 0.14880373624572216 0.12165906994187163 0.4948248672228795 -0.3597324312822613 -0.32833113139396325 -0.5277225193081535 0.07291447185567254
-0.451631225996876 -0.21531599554571978 -0.07290098357846765 0.05750665504783292 -0.01594332076806889 -0.05461683656597291 0.24472540824866587 -0.15959779262250873 0.4080009979443444 -0.23756427233838157 0.10569453323578964 0.646818821346439
