-0.46429393952048215 0.20082384344416437 0.2853884016448355 -0.2200721417562005 0.5235510945884048 -0.1667784605788703 0.26253106334463083 -0.3998248270747993 -0.020067489628397935 0.272815438488288 -0.03620338614751056 -0.085893692132721
-0.0773823232534137 -0.018768583499454445 0.5524163632938358 0.10456902798323918 -0.2228055139849405 0.7455150301770045 0.21405162626276555 0.02663111442969235 0.07710262269337508 0.07719373893776911 0.02103395277715888 -0.11512084564901555
-0.46429393952048215 0.20082384344416446 -0.23096522242923706 0.27738986463035137 -0.2247358416177881 0.1742485320807858 -0.1916265954717409 -0.18421766364806508 -0.051312849001562494 0.09611091251168857 -0.38979746760080597 0.5463266603424538
-0.38691161626706844 0.32407087509058313 -0.20099450420074008 -0.43207182699205215 -0.2545804170868256 0.08336503017784491 -0.2904578200751285 0.17253253280114758 0.32604997455451484 -0.09038708209588103 -0.032966580221007895 -0.46554620785693396
-0.0773823232534137 -0.43668237608731086 0.288282533500797 0.21826279805336368 -0.1387639139152457 -0.30158531153142 -0.12173797433643846 -0.16471727039655334 0.17620505846947343 -0.14968411856647293 -0.5954395202482234 -0.3352792754901858
-0.38691161626706844 -0.19832136564423716 -0.27298497940500155 0.06703636203795206 -0.021665872129816372 0.10243764661101432 0.38403158944506 -0.008634189672442026 -0.4795141387326591 -0.5418223463084232 0.07749025269393213 -0.20958451389110563
-0.1547646465068274 -0.3509725114398014 -0.25506329992377186 0.01790377090237443 0.019366812165590684 0.06038021315459896 0.05768387114634909 0.3996120563540598 -0.25268232994136325 0.7031138617613645 -0.12771419042875126 -0.21429401156886863
-0.1547646465068274 -0.14201561514587327 0.26426883302830184 0.009332192997832627 -0.18516402655693892 -0.07355399433629863 -0.6140572172144005 -0.2602970275513773 -0.4547060808915772 0.08844464865986969 0.42404675148550824 -0.08391617608977173
-0.0 -0.10447844814696405 0.1921433545887768 -0.562672157861098 -0.5677147351464791 -0.2774296379991481 0.3376803794471087 -0.009657221508558496 -0.14066115761469342 0.07968445386678864 -0.06270077870843484 0.30349652665941196
-0.38691161626706844 0.01063553064969096 0.3754355595655903 0.19745666498704378 0.10067114610298784 -0.29365031661292007 -0.03319921657332494 0.666791757591024 0.11458633173802153 -0.1548557964377552 0.18120256281453925 0.24129226011664598
-0.0773823232534137 -0.5411608242342749 -0.03592773598449906 -0.4790050713018338 0.3680367588093812 0.3147827492909742 -0.2673012575039083 0.03328880719584995 0.13715325319197946 -0.18941957901361495 -0.07792907097910783 0.3202486594879674
-0.23214696976024107 -0.369741094939256 -0.21900056070400933 0.19856299335173105 -0.196629568127309 -0.07931571182144938 0.1868115754977706 -0.27434275603193864 0.5489956937638095 0.13352031867009614 0.49568115412974667 0.044388778622362
