-0.46429393952048204 -0.07738232325341364 -0.46429393952048215 -0.3869116162670683 -0.07738232325341368 -0.3869116162670685 -0.15476464650682734 -0.15476464650682734 -1.3286012871533445e-16 -0.38691161626706827 -0.0773823232534135 -0.23214696976024105
0.20082384344416424 -0.018768583499454358 0.20082384344416446 0.3240708750905832 -0.43668237608731086 -0.19832136564423708 -0.35097251143980146 -0.14201561514587321 -0.1044784481469641 0.01063553064969092 -0.5411608242342748 -0.36974109493925583
0.2853884016448356 0.5524163632938361 -0.2309652224292371 -0.20099450420074008 0.2882825335007969 -0.27298497940500166 -0.25506329992377197 0.26426883302830206 0.1921433545887768 0.37543555956559044 -0.03592773598449884 -0.21900056070400928
-0.22007214175620027 0.10456902798323903 0.2773898646303513 -0.4320718269920523 0.21826279805336368 0.06703636203795199 0.017903770902374452 0.009332192997832575 -0.5626721578610979 0.1974566649870438 -0.4790050713018338 0.19856299335173103
0.5235510945884049 -0.2228055139849405 -0.22473584161778826 -0.2545804170868258 -0.13876391391524576 -0.02166587212981642 0.01936681216559067 -0.18516402655693887 -0.5677147351464791 0.10067114610298784 0.36803675880938125 -0.19662956812730895
-0.16677846057887033 0.7455150301770052 0.17424853208078617 0.08336503017784506 -0.30158531153142026 0.10243764661101389 0.060380213154599086 -0.07355399433629864 -0.2774296379991483 -0.29365031661292024 0.31478274929097466 -0.07931571182144935
0.262531063344631 0.21405162626276542 -0.19162659547174116 -0.29045782007512855 -0.12173797433643817 0.38403158944506033 0.05768387114634874 -0.614057217214401 0.3376803794471089 -0.03319921657332482 -0.2673012575039086 0.1868115754977706
-0.39982482707479944 0.02663111442969229 -0.18421766364806516 0.17253253280114772 -0.16471727039655343 -0.008634189672442236 0.39961205635405994 -0.26029702755137724 -0.009657221508558383 0.6667917575910243 0.033288807195849965 -0.2743427560319386
-0.020067489628398185 0.07710262269337538 -0.05131284900156262 0.3260499745545154 0.17620505846947382 -0.4795141387326592 -0.2526823299413636 -0.45470608089157777 -0.14066115761469372 0.11458633173802152 0.13715325319197963 0.5489956937638099
0.27281543848828804 0.07719373893776929 0.09611091251168888 -0.09038708209588119 -0.14968411856647315 -0.5418223463084239 0.7031138617613655 0.08844464865987 0.07968445386678852 -0.15485579643775527 -0.1894195790136149 0.1335203186700958
-0.03620338614751049 0.02103395277715875 -0.3897974676008057 -0.03296658022100798 -0.5954395202482232 0.07749025269393212 -0.12771419042875143 0.4240467514855081 -0.06270077870843473 0.18120256281453925 -0.07792907097910774 0.4956811541297463
-0.08589369213272093 -0.11512084564901544 0.5463266603424537 -0.465546207856934 -0.3352792754901861 -0.20958451389110566 -0.2142940115688685 -0.0839161760897715 0.3034965266594119 0.24129226011664578 0.32024865948796744 0.04438877862236202
